image: 10x10.pgm
resolution: 0.050000
origin: [-6.000000, -6.000000, 0.000000]
negate: 0
occupied_thresh: 0.65
free_thresh: 0.196

